2026-03-25 23:39:09.496310 (16746) main____ INFO    ----------------------------------------
2026-03-25 23:39:09.496377 (16746) main____ INFO    JasperGold version info
2026-03-25 23:39:09.496383 (16746) main____ INFO      tool      : JasperGold 2019.09
2026-03-25 23:39:09.496389 (16746) main____ INFO      version   : 2019.09p002 64 bits
2026-03-25 23:39:09.496394 (16746) main____ INFO      build date: 2019.11.26 18:17:27 PST
2026-03-25 23:39:09.496397 (16746) main____ INFO    ----------------------------------------
2026-03-25 23:39:09.496401 (16746) main____ INFO    Runtime info:
2026-03-25 23:39:09.496405 (16746) main____ INFO      platform  : Linux 2.6.32-754.35.1.el6.x86_64 x86_64
2026-03-25 23:39:09.496410 (16746) main____ INFO      hostname  : edatools-server2.iiitd.edu.in
2026-03-25 23:39:09.496414 (16746) main____ INFO      pid       : 16746
2026-03-25 23:39:09.496418 (16746) main____ INFO      arguments : '-style' 'windows' 'run_reset_behavior_0.tcl'
2026-03-25 23:39:09.496421 (16746) main____ INFO    ----------------------------------------
2026-03-25 23:39:09.496425 (16746) main____ INFO    System resource limits info:
2026-03-25 23:39:09.496429 (16746) main____ INFO      virtual memory: unlimited
2026-03-25 23:39:09.496433 (16746) main____ INFO      cpu time      : unlimited
2026-03-25 23:39:09.496442 (16746) main____ INFO      stack size    : 10485760 B
2026-03-25 23:39:09.496447 (16746) main____ INFO      core file size: 0 B
2026-03-25 23:39:09.496454 (16746) main____ INFO      open files    : 1024
2026-03-25 23:39:09.496458 (16746) main____ INFO      file size     : unlimited
2026-03-25 23:39:09.496461 (16746) main____ INFO    ----------------------------------------
2026-03-25 23:39:09.496464 (16746) main____ INFO    Memory statistics:
2026-03-25 23:39:09.496468 (16746) main____ INFO      total physical memory  : 528955884 kB
2026-03-25 23:39:09.496471 (16746) main____ INFO      free physical memory   : 11971584 kB
2026-03-25 23:39:09.496475 (16746) main____ INFO      committed address space: 697403636 kB
2026-03-25 23:39:09.496478 (16746) main____ INFO    ----------------------------------------
2026-03-25 23:39:09.496500 (16746) main____ INFO    Important environment variables:
2026-03-25 23:39:09.496508 (16746) main____ INFO      CDS_LIC_FILE   : '5280@14.139.1.126'
2026-03-25 23:39:09.496513 (16746) main____ INFO      DISPLAY        : ':2100.0'
2026-03-25 23:39:09.496518 (16746) main____ INFO      EDITOR         : 'gedit'
2026-03-25 23:39:09.496522 (16746) main____ INFO      LM_LICENSE_FILE: '5280@14.139.1.126'
2026-03-25 23:39:09.496526 (16746) main____ INFO    ----------------------------------------
2026-03-25 23:39:09.496873 (16746) lic_core INFO    Initializing license system ...
2026-03-25 23:39:09.497263 (16746) lic_core INFO    ... license system initialized.
2026-03-25 23:39:09.498329 (16746) lic__man INFO    Claim 'main' for <ui>.
2026-03-25 23:39:09.498363 (16746) lic_core INFO    (1) checking out 'jasper_interactive' ...
2026-03-25 23:39:10.304457 (16746) lic_core INFO    ... (1) checkout succeeded
2026-03-25 23:39:10.304548 (16746) lic__man INFO    Claim 'fpv' for <ui>.
2026-03-25 23:39:10.304569 (16746) lic_core INFO    (2) checking out 'jasper_fpv' ...
2026-03-25 23:39:10.617882 (16746) lic_core INFO    ... (2) checkout failed (error: -5) ("FLEXnet ERROR(-5, 0, 0): No such feature exists.")
2026-03-25 23:39:10.617966 (16746) lic_core INFO    (3) checking out 'jasper_fao' ...
2026-03-25 23:39:11.333558 (16746) lic_core INFO    ... (3) checkout succeeded
2026-03-25 23:39:11.768820 (16746) lic__man INFO    Claim 'fpv' for <ui>.
2026-03-25 23:39:11.884726 (16746) lic__man INFO    Unclaim 'fpv' for <ui>.
2026-03-25 23:39:11.884758 (16746) lic__man INFO    Claim 'fpv' for <ui>.
2026-03-25 23:39:11.887083 (16746) session_ INFO    Starting analysis session with session id 'session_0' (launcher: <local>) ...
2026-03-25 23:39:11.888552 (16746) session_ INFO    Analysis session with session id 'session_0' started (pid: 17158)
2026-03-25 23:39:16.255156 (16746) session_ INFO    Analysis session 'session_0' connected to the console (host: 127.0.0.1:57234)
2026-03-25 23:39:31.296544 (16746) main____ INFO    About to exit: requested from GUI
2026-03-25 23:39:32.240632 (16746) session_ INFO    Analysis session 'session_0' disconnected.
2026-03-25 23:39:32.245193 (16746) main____ INFO    Exiting with status 0.
