2026-03-25 23:09:42.818855 (2581) main____ INFO    ----------------------------------------
2026-03-25 23:09:42.818908 (2581) main____ INFO    JasperGold version info
2026-03-25 23:09:42.818916 (2581) main____ INFO      tool      : JasperGold 2019.09
2026-03-25 23:09:42.818922 (2581) main____ INFO      version   : 2019.09p002 64 bits
2026-03-25 23:09:42.818927 (2581) main____ INFO      build date: 2019.11.26 18:17:27 PST
2026-03-25 23:09:42.818931 (2581) main____ INFO    ----------------------------------------
2026-03-25 23:09:42.818934 (2581) main____ INFO    Runtime info:
2026-03-25 23:09:42.818938 (2581) main____ INFO      platform  : Linux 2.6.32-754.35.1.el6.x86_64 x86_64
2026-03-25 23:09:42.818944 (2581) main____ INFO      hostname  : edatools-server2.iiitd.edu.in
2026-03-25 23:09:42.818948 (2581) main____ INFO      pid       : 2581
2026-03-25 23:09:42.818954 (2581) main____ INFO      arguments : '-style' 'windows' '-fpv' '-batch' '-tcl' 'run_pipeline_and_micro_architecture_1.tcl' '-proj' '/home/vaibhav22555/Desktop/SVA4RTL/jgproject_run_pipeline_and_micro_architecture_1'
2026-03-25 23:09:42.818959 (2581) main____ INFO    ----------------------------------------
2026-03-25 23:09:42.818965 (2581) main____ INFO    System resource limits info:
2026-03-25 23:09:42.818970 (2581) main____ INFO      virtual memory: unlimited
2026-03-25 23:09:42.818974 (2581) main____ INFO      cpu time      : unlimited
2026-03-25 23:09:42.818983 (2581) main____ INFO      stack size    : 10485760 B
2026-03-25 23:09:42.818989 (2581) main____ INFO      core file size: 0 B
2026-03-25 23:09:42.818996 (2581) main____ INFO      open files    : 1024
2026-03-25 23:09:42.819000 (2581) main____ INFO      file size     : unlimited
2026-03-25 23:09:42.819003 (2581) main____ INFO    ----------------------------------------
2026-03-25 23:09:42.819007 (2581) main____ INFO    Memory statistics:
2026-03-25 23:09:42.819010 (2581) main____ INFO      total physical memory  : 528955884 kB
2026-03-25 23:09:42.819014 (2581) main____ INFO      free physical memory   : 14306528 kB
2026-03-25 23:09:42.819017 (2581) main____ INFO      committed address space: 694891104 kB
2026-03-25 23:09:42.819020 (2581) main____ INFO    ----------------------------------------
2026-03-25 23:09:42.819040 (2581) main____ INFO    Important environment variables:
2026-03-25 23:09:42.819048 (2581) main____ INFO      CDS_LIC_FILE   : '5280@14.139.1.126'
2026-03-25 23:09:42.819053 (2581) main____ INFO      DISPLAY        : ':2100.0'
2026-03-25 23:09:42.819058 (2581) main____ INFO      EDITOR         : 'gedit'
2026-03-25 23:09:42.819063 (2581) main____ INFO      LM_LICENSE_FILE: '5280@14.139.1.126'
2026-03-25 23:09:42.819066 (2581) main____ INFO    ----------------------------------------
2026-03-25 23:09:42.819350 (2581) lic_core INFO    Initializing license system ...
2026-03-25 23:09:42.819721 (2581) lic_core INFO    ... license system initialized.
2026-03-25 23:09:42.820757 (2581) lic__man INFO    Claim 'fpv' for <ui>.
2026-03-25 23:09:42.820792 (2581) lic_core INFO    (1) checking out 'jasper_fpv' ...
2026-03-25 23:09:43.367489 (2581) lic_core INFO    ... (1) checkout failed (error: -5) ("FLEXnet ERROR(-5, 0, 0): No such feature exists.")
2026-03-25 23:09:43.367586 (2581) lic_core INFO    (2) checking out 'jasper_fao' ...
2026-03-25 23:09:43.855198 (2581) lic_core INFO    ... (2) checkout succeeded
2026-03-25 23:09:43.873921 (2581) session_ INFO    Starting analysis session with session id 'session_0' (launcher: <local>) ...
2026-03-25 23:09:43.874924 (2581) session_ INFO    Analysis session with session id 'session_0' started (pid: 2606)
2026-03-25 23:09:46.305354 (2581) session_ INFO    Analysis session 'session_0' connected to the console (host: 127.0.0.1:42504)
2026-03-25 23:09:46.659557 (2581) main____ INFO    About to exit: request to exit with status 1 received from analysis session 'session_0'
2026-03-25 23:09:47.250035 (2581) session_ INFO    Process for analysis session 'session_0' has exited with exit status '1'.
2026-03-25 23:09:47.250408 (2581) session_ INFO    Analysis session 'session_0' disconnected.
2026-03-25 23:09:47.250644 (2581) lic__man INFO    Unclaim everything for 'session_0'.
2026-03-25 23:09:48.883207 (2581) main____ INFO    Exiting with status 1.
